%Resolucion del Sistema Lineal del Problema 1

%Considerando el Dominio sobre el tercer cuadrante
h = 0.25;
d1 = 0.1160;
d2 = 0.2182;
dA = -d1/(h+d1);
dB = -d2/(h+d2);
x0 = -1;
x1 = -0.75;
x2 = -0.5;
x3 = -0.25;
x4 = 0;
y0 = -1;
y1 = -0.75;
y2 = -0.5;
y3 = -0.25;
y4 = 0;


A = [1 0 0 0 dA 0 0 0 0 0 0 0 0 0 0 0 0;
     0 1 0 0 dA 0 0 0 0 0 0 0 0 0 0 0 0;
     0 0 1 0 0  0 0 0 0 0 0 0 0 0 0 0 0;
     0 0 0 1 0  0 0 0 dB 0 0 0 0 0 0 0 0;
     -1 -1 0 0 4 0 0 0 0 -1 -1 0 0 0 0 0 0; 
     0 0 0 0 0 1 0 0 0 dB 0 0 0 0 0 0 0;
     0 0 0 0 0 0 1 0 0 0 0 0 0 0 0 0 0; 
     0 0 -1 -2 0 0 0 4 0 0 0 -1 0 0 0 0 0;
     0 0 0 -1 -1 0 0 0 4 0 0 -1 -1 0 0 0 0;
     0 0 0 0 -1 -1 0 0 0 4 0 0 -1 -1 0 0 0;
     0 0 0 0 0 -2 -1 0 0 0 4 0 0 -1 0 0 0;
     0 0 0 0 0 0 0 -1 -2 0 0 4 0 0 -1 0 0;
     0 0 0 0 0 0 0 0 -1 -1 0 0 4 0 -1 -1 0;
     0 0 0 0 0 0 0 0 0 -2 -1 0 0 4 0 -1 0;
     0 0 0 0 0 0 0 0 0 0 0 -1 -2 0 4 0 -1;
     0 0 0 0 0 0 0 0 0 0 0 0 -2 -1 0 4 -1;
     0 0 0 0 0 0 0 0 0 0 0 0 0 0 -2 -2 4];

 b = [h/(h+d1)*1/12*(x2^4+y1^4);
     h/(h+d1)*1/12*(x1^4+y2^4);
     1/12*(x4^4+y0^4);
     h/(h+d2)*1/12*(x3^4+y1^4);
     -h^2*(x2^2+y2^2);
     h/(h+d2)*1/12*(x1^4+y3^4);
     1/12*(x0^4+y4^4);
     -h^2*(x4^2+y1^2);
     -h^2*(x3^2+y2^2);
     -h^2*(x2^2+y3^2);
     -h^2*(x1^2+y4^2);
     -h^2*(x2^4+y2^2);
     -h^2*(x3^2+y3^2);
     -h^2*(x2^2+y4^2);
     -h^2*(x4^2+y3^2);
     -h^2*(x3^2+y4^2);
     -h^2*(x4^2+y4^2);];
 u = A\b